0 0.54609375 0.28515625 0.1328125 0.23359375
0 0.47421875 0.4890625 0.15078125 0.21640625
0 0.09375 0.42109375 0.15 0.228125
0 0.1578125 0.20234375 0.15703125 0.24609375
0 0.3265625 0.103125 0.13125 0.18671875
0 0.8140625 0.396875 0.16484375 0.2671875
0 0.6453125 0.4265625 0.14375 0.225
0 0.5796875 0.6203125 0.128125 0.2359375
0 0.7140625 0.63046875 0.1484375 0.225
0 0.86328125 0.64609375 0.1625 0.228125
0 0.384375 0.83359375 0.14140625 0.23203125
0 0.30703125 0.625 0.1359375 0.20078125
0 0.43515625 0.66640625 0.11796875 0.16953125
0 0.646875 0.8234375 0.11796875 0.21484375
0 0.78125 0.83359375 0.13203125 0.2234375
0 0.91171875 0.840625 0.1359375 0.23515625
0 0.24453125 0.80390625 0.14296875 0.23203125
0 0.16328125 0.60625 0.134375 0.21953125
0 0.0515625 0.6203125 0.0953125 0.21640625
0 0.1125 0.8140625 0.13203125 0.253125
0 0.23828125 0.41953125 0.11015625 0.196875
0 0.36015625 0.453125 0.08984375 0.20078125
0 0.415625 0.265625 0.115625 0.2234375
0 0.29296875 0.25859375 0.1 0.18671875