0 0.18359375 0.1421875 0.19921875 0.25859375
0 0.5703125 0.32734375 0.2078125 0.2859375
0 0.3875 0.48828125 0.19140625 0.26875
0 0.50546875 0.684375 0.203125 0.23828125
0 0.7140625 0.6328125 0.1890625 0.26875
0 0.7703125 0.284375 0.1859375 0.26875
0 0.6890625 0.1 0.16953125 0.2
0 0.53515625 0.13125 0.175 0.23203125
0 0.37265625 0.2109375 0.1796875 0.23359375
0 0.16875 0.403125 0.16953125 0.23828125
0 0.115625 0.734375 0.203125 0.2140625
0 0.36171875 0.6609375 0.20390625 0.2125
0 0.375 0.9203125 0.22890625 0.15859375
0 0.496875 0.940625 0.18359375 0.11796875
0 0.66015625 0.8984375 0.1484375 0.203125
0 0.83203125 0.90078125 0.18359375 0.19765625