0 0.18828125 0.10390625 0.3734375 0.20546875
0 0.52578125 0.12109375 0.3703125 0.196875
0 0.84296875 0.20703125 0.31328125 0.2109375
0 0.85703125 0.36015625 0.2859375 0.20078125
0 0.8609375 0.50078125 0.278125 0.1859375
0 0.86171875 0.646875 0.27578125 0.16640625
0 0.85859375 0.7859375 0.2828125 0.19375
0 0.853125 0.928125 0.29375 0.14375
0 0.53359375 0.2703125 0.378125 0.18203125
0 0.18984375 0.2546875 0.3796875 0.18203125
0 0.19296875 0.4015625 0.3765625 0.20078125
0 0.54375 0.428125 0.36484375 0.17109375
0 0.19140625 0.5625 0.3828125 0.171875
0 0.54921875 0.5765625 0.39375 0.15390625
0 0.18515625 0.72421875 0.3703125 0.20234375
0 0.54296875 0.72578125 0.38125 0.16484375
0 0.20390625 0.89765625 0.40703125 0.2046875
0 0.54296875 0.8875 0.40234375 0.225