0 0.4984375 0.49921875 0.996875 0.99765625
0 0.5609375 0.5421875 0.2875 0.2734375
0 0.43125 0.32890625 0.38515625 0.1640625
0 0.33828125 0.49609375 0.22578125 0.24765625
0 0.5375 0.75234375 0.23671875 0.2421875
0 0.73125 0.21640625 0.4453125 0.1203125
0 0.72421875 0.32890625 0.35390625 0.15625
0 0.75703125 0.51171875 0.2109375 0.2328125
0 0.7359375 0.73671875 0.18984375 0.21640625
0 0.22890625 0.52578125 0.228125 0.23828125
0 0.15625 0.3328125 0.3125 0.221875
0 0.20859375 0.7265625 0.2046875 0.2734375
0 0.32578125 0.721875 0.1875 0.2421875
0 0.9234375 0.54140625 0.153125 0.2609375