0 0.703125 0.5703125 0.19296875 0.32421875
0 0.4953125 0.5515625 0.21328125 0.346875
0 0.28046875 0.58828125 0.29375 0.3328125
0 0.51640625 0.9234375 0.16328125 0.153125
0 0.71796875 0.909375 0.2046875 0.18125
0 0.82265625 0.2171875 0.28125 0.4203125
0 0.45625 0.19765625 0.365625 0.3640625
0 0.09140625 0.51953125 0.18203125 0.22109375
0 0.19453125 0.32109375 0.1484375 0.14296875
0 0.20234375 0.13515625 0.16015625 0.2453125
0 0.90078125 0.5234375 0.18671875 0.3046875
0 0.90078125 0.78828125 0.16875 0.23671875
0 0.90859375 0.934375 0.1828125 0.125