0 0.05625 0.54609375 0.0984375 0.28515625
0 0.12109375 0.3765625 0.14921875 0.3015625
0 0.178125 0.65546875 0.153125 0.2484375
0 0.2515625 0.44453125 0.12578125 0.39609375
0 0.3578125 0.32578125 0.1546875 0.321875
0 0.36640625 0.62578125 0.134375 0.2984375
0 0.47578125 0.7 0.128125 0.32734375
0 0.46875 0.4296875 0.1421875 0.34375
0 0.56640625 0.2625 0.16484375 0.35234375
0 0.58125 0.5828125 0.1015625 0.29609375
0 0.67890625 0.71484375 0.1203125 0.24921875
0 0.696875 0.428125 0.15390625 0.33984375
0 0.8109375 0.31953125 0.11875 0.33046875
0 0.7828125 0.5828125 0.12890625 0.29609375
0 0.9125 0.65 0.11640625 0.29609375
0 0.92890625 0.409375 0.1421875 0.4