0 0.325 0.69140625 0.1890625 0.24609375
0 0.16484375 0.765625 0.2109375 0.30546875
0 0.0703125 0.85390625 0.13984375 0.19296875
0 0.44296875 0.55546875 0.2484375 0.29140625
0 0.50546875 0.44296875 0.1578125 0.17734375
0 0.6453125 0.5140625 0.17109375 0.2015625
0 0.42265625 0.87265625 0.13359375 0.1828125
0 0.42578125 0.75859375 0.12109375 0.1609375
0 0.5140625 0.7703125 0.11015625 0.19921875
0 0.23984375 0.48984375 0.18203125 0.23671875
0 0.5515625 0.30234375 0.259375 0.24609375
0 0.67890625 0.2078125 0.1359375 0.17265625
0 0.753125 0.2984375 0.13125 0.18046875
0 0.0953125 0.15859375 0.18125 0.17734375