0 0.59921875 0.16015625 0.16328125 0.27109375
0 0.43515625 0.8625 0.42578125 0.27109375
0 0.421875 0.43515625 0.309375 0.30234375
0 0.659375 0.69921875 0.48203125 0.1375
0 0.13828125 0.74453125 0.2765625 0.2921875
0 0.21640625 0.2296875 0.4328125 0.321875
0 0.80390625 0.3203125 0.3828125 0.23203125
0 0.853125 0.07421875 0.28828125 0.12265625
0 0.1796875 0.51875 0.359375 0.12265625
0 0.8703125 0.8859375 0.25546875 0.22578125
0 0.3109375 0.0390625 0.39921875 0.078125
0 0.840625 0.56171875 0.3140625 0.27109375