0 0.4984375 0.4984375 0.996875 0.996875
0 0.146875 0.23125 0.29375 0.271875
0 0.3046875 0.67421875 0.328125 0.284375
0 0.884375 0.28046875 0.22890625 0.42421875
0 0.25 0.10546875 0.1828125 0.2109375
0 0.1578125 0.484375 0.315625 0.30625
0 0.115625 0.8125 0.2125 0.3703125
0 0.59609375 0.30546875 0.284375 0.340625
0 0.62578125 0.85390625 0.3296875 0.28671875
0 0.790625 0.534375 0.18984375 0.4609375
0 0.540625 0.6546875 0.29765625 0.3578125
0 0.65390625 0.14921875 0.2765625 0.2984375
0 0.4078125 0.415625 0.30859375 0.28671875
0 0.4203125 0.175 0.19375 0.35
0 0.896875 0.8578125 0.20234375 0.2796875
0 0.41796875 0.8703125 0.2515625 0.2546875