1 0.53359375 0.51640625 0.10625 0.0890625
1 0.68671875 0.56484375 0.159375 0.096875
1 0.2609375 0.046875 0.175 0.09375
1 0.09140625 0.04609375 0.1296875 0.0921875
1 0.54921875 0.06875 0.1609375 0.0828125
1 0.41796875 0.12578125 0.1390625 0.1140625
1 0.2109375 0.42734375 0.146875 0.1375
1 0.20390625 0.5171875 0.225 0.0984375
1 0.378125 0.465625 0.1484375 0.153125
1 0.46640625 0.69375 0.1328125 0.1484375
1 0.79921875 0.796875 0.20625 0.20625
1 0.87734375 0.64296875 0.1234375 0.1296875
1 0.76171875 0.296875 0.1234375 0.1
1 0.7703125 0.128125 0.1390625 0.0890625
1 0.91484375 0.1921875 0.134375 0.1453125