1 0.19453125 0.3609375 0.2234375 0.15
1 0.290625 0.465625 0.140625 0.0921875
1 0.44453125 0.54453125 0.1546875 0.1015625
1 0.43046875 0.47265625 0.121875 0.1203125
1 0.71796875 0.45703125 0.115625 0.09375
1 0.89296875 0.4890625 0.2140625 0.153125
1 0.87734375 0.546875 0.2296875 0.153125
1 0.93359375 0.3578125 0.1296875 0.2171875
1 0.778125 0.23828125 0.171875 0.16875
1 0.56953125 0.31875 0.184375 0.128125
1 0.37421875 0.3765625 0.1625 0.1453125
1 0.10078125 0.6765625 0.09375 0.259375
1 0.19140625 0.73203125 0.1640625 0.13125
1 0.32578125 0.634375 0.1640625 0.125
1 0.53359375 0.690625 0.175 0.13125
1 0.9203125 0.659375 0.159375 0.165625
1 0.79765625 0.70234375 0.1453125 0.1390625
1 0.5609375 0.6109375 0.0890625 0.09375
1 0.53515625 0.48125 0.0859375 0.0640625
1 0.675 0.35234375 0.2125 0.1640625