1 0.56484375 0.125 0.190625 0.1796875
1 0.4671875 0.17890625 0.0875 0.1234375
1 0.38359375 0.38359375 0.0765625 0.075
1 0.5734375 0.4921875 0.0703125 0.078125
1 0.38203125 0.63046875 0.09375 0.0875
1 0.46171875 0.67734375 0.08125 0.11875
1 0.190625 0.34296875 0.0984375 0.078125
1 0.20390625 0.5296875 0.0828125 0.096875
1 0.359375 0.9546875 0.08125 0.090625
1 0.94921875 0.44296875 0.05625 0.11875
1 0.896875 0.128125 0.1015625 0.11875
1 0.8 0.01015625 0.084375 0.0203125
1 0.24921875 0.08203125 0.0796875 0.121875
1 0.38203125 0.0625 0.053125 0.1203125