1 0.6671875 0.51015625 0.053125 0.0921875
1 0.765625 0.5171875 0.053125 0.09921875
1 0.7390625 0.634375 0.0390625 0.09453125
1 0.81328125 0.646875 0.06796875 0.115625
1 0.81015625 0.40625 0.0484375 0.090625
1 0.8671875 0.4 0.02734375 0.06640625
1 0.66640625 0.42890625 0.0359375 0.06328125
1 0.92265625 0.40546875 0.03984375 0.0703125
1 0.45078125 0.1515625 0.1734375 0.303125
1 0.33125 0.23671875 0.17265625 0.18984375
1 0.08671875 0.715625 0.16484375 0.384375
1 0.671875 0.18671875 0.29765625 0.35078125
1 0.94765625 0.1484375 0.10390625 0.21875
1 0.721875 0.86640625 0.36015625 0.2671875