1 0.66875 0.50859375 0.0609375 0.0984375
1 0.7703125 0.50859375 0.0609375 0.1046875
1 0.7515625 0.63125 0.046875 0.1
1 0.82734375 0.63828125 0.078125 0.1234375
1 0.8078125 0.39140625 0.05625 0.096875
1 0.86640625 0.38125 0.0328125 0.0703125
1 0.6625 0.425 0.040625 0.0671875
1 0.92265625 0.3828125 0.0453125 0.075
1 0.421875 0.15859375 0.196875 0.3171875
1 0.3046875 0.25234375 0.190625 0.2078125
1 0.0953125 0.759375 0.1828125 0.40625
1 0.65078125 0.18359375 0.3296875 0.3671875
1 0.925 0.11640625 0.1140625 0.23125
1 0.74921875 0.8578125 0.3859375 0.2765625