1 0.365625 0.49453125 0.11796875 0.21796875
1 0.478125 0.4828125 0.12265625 0.18515625
1 0.6015625 0.165625 0.11171875 0.2
1 0.696875 0.1796875 0.11484375 0.18203125
1 0.22578125 0.315625 0.15625 0.2125
1 0.08046875 0.3984375 0.1421875 0.21640625
1 0.10859375 0.16875 0.159375 0.24375
1 0.26640625 0.13671875 0.1546875 0.2734375
1 0.0703125 0.7171875 0.13671875 0.22890625
1 0.3328125 0.8328125 0.1234375 0.30390625
1 0.5453125 0.88671875 0.184375 0.2265625
1 0.7328125 0.596875 0.18515625 0.23671875
1 0.51875 0.28984375 0.1296875 0.2
1 0.5921875 0.41171875 0.10390625 0.215625
1 0.78203125 0.37421875 0.184375 0.2296875
1 0.9375 0.55859375 0.125 0.2953125
1 0.85859375 0.8546875 0.20234375 0.28984375
1 0.175 0.93828125 0.090625 0.1234375
1 0.0578125 0.95 0.0796875 0.08359375
1 0.4203125 0.159375 0.1640625 0.265625
1 0.7671875 0.06328125 0.0984375 0.12265625
1 0.66015625 0.05390625 0.128125 0.10078125