1 0.35078125 0.4984375 0.140625 0.234375
1 0.46484375 0.47734375 0.1421875 0.2015625
1 0.5640625 0.1390625 0.1328125 0.215625
1 0.66328125 0.14375 0.134375 0.1984375
1 0.18984375 0.32734375 0.1796875 0.2328125
1 0.06484375 0.42421875 0.1296875 0.2328125
1 0.075 0.1859375 0.15 0.265625
1 0.2171875 0.15078125 0.1828125 0.2671875
1 0.07890625 0.753125 0.1359375 0.246875
1 0.34765625 0.84375 0.1546875 0.3125
1 0.56875 0.88046875 0.209375 0.2390625
1 0.7375 0.57109375 0.2125 0.2609375
1 0.490625 0.27421875 0.1515625 0.2171875
1 0.5765625 0.39296875 0.1265625 0.23125
1 0.76875 0.3375 0.2109375 0.253125
1 0.93359375 0.5109375 0.1328125 0.315625
1 0.8859375 0.81875 0.228125 0.3125
1 0.19375 0.9515625 0.103125 0.096875
1 0.078125 0.97265625 0.08125 0.0546875
1 0.37734375 0.1484375 0.1921875 0.2890625
1 0.72421875 0.04296875 0.1109375 0.0859375
1 0.61328125 0.03671875 0.1390625 0.0734375