1 0.66953125 0.52734375 0.0625 0.0984375
1 0.76796875 0.54375 0.0625 0.10625
1 0.73125 0.66171875 0.0484375 0.1
1 0.8046875 0.68046875 0.0796875 0.125
1 0.82421875 0.434375 0.0578125 0.096875
1 0.88203125 0.4328125 0.034375 0.0703125
1 0.67578125 0.44453125 0.0421875 0.0671875
1 0.93828125 0.44375 0.046875 0.075
1 0.48046875 0.15234375 0.2015625 0.3046875
1 0.35234375 0.21875 0.1921875 0.209375
1 0.0796875 0.68359375 0.159375 0.4078125
1 0.703125 0.1984375 0.334375 0.384375
1 0.96171875 0.18046875 0.0765625 0.2296875
1 0.69296875 0.8703125 0.3890625 0.259375