1 0.4875 0.10078125 0.46796875 0.14609375
1 0.490625 0.2359375 0.43984375 0.08125
1 0.38984375 0.3 0.15859375 0.05078125
1 0.603125 0.29375 0.2046875 0.0453125
1 0.51171875 0.32578125 0.18046875 0.046875
1 0.39609375 0.40078125 0.18203125 0.11796875
1 0.490625 0.61484375 0.3703125 0.04609375
1 0.63515625 0.5359375 0.1734375 0.03984375
1 0.51328125 0.5546875 0.1984375 0.04140625
1 0.384375 0.5390625 0.1640625 0.06015625
1 0.53203125 0.79296875 0.38515625 0.1140625
1 0.5203125 0.91484375 0.5171875 0.103125