1 0.26015625 0.3875 0.1671875 0.21875
1 0.3984375 0.64609375 0.2234375 0.221875
1 0.03125 0.44296875 0.0625 0.1453125
1 0.13828125 0.27109375 0.1609375 0.1640625
1 0.76484375 0.46328125 0.11875 0.10625
1 0.78359375 0.72734375 0.2296875 0.2453125
1 0.6234375 0.6296875 0.1578125 0.196875
1 0.0484375 0.6015625 0.096875 0.2375
1 0.10625 0.64609375 0.1375 0.1421875
1 0.13984375 0.44765625 0.1265625 0.159375
1 0.57265625 0.75859375 0.228125 0.1703125
1 0.92421875 0.84140625 0.0734375 0.171875
1 0.89375 0.4484375 0.2125 0.153125
1 0.40390625 0.3890625 0.1125 0.1328125
1 0.51015625 0.44296875 0.146875 0.11875
1 0.521875 0.34453125 0.23125 0.115625