1 0.28671875 0.41171875 0.12578125 0.18515625
1 0.45546875 0.62890625 0.18125 0.1796875
1 0.05234375 0.50234375 0.10234375 0.1296875
1 0.1546875 0.325 0.1296875 0.1328125
1 0.765625 0.4 0.0984375 0.084375
1 0.825 0.64140625 0.18359375 0.20078125
1 0.6609375 0.5765625 0.12109375 0.165625
1 0.09765625 0.64921875 0.115625 0.2109375
1 0.1859375 0.6765625 0.11015625 0.11640625
1 0.18515625 0.4875 0.09765625 0.13359375
1 0.63515625 0.70390625 0.19453125 0.128125
1 0.9765625 0.72421875 0.046875 0.1578125
1 0.89375 0.365625 0.20390625 0.109375
1 0.41953125 0.390625 0.0875 0.11171875
1 0.5265625 0.42265625 0.12421875 0.09140625
1 0.52109375 0.3296875 0.20625 0.0734375