1 0.55625 0.1328125 0.178125 0.16640625
1 0.4625 0.18125 0.08046875 0.11484375
1 0.38046875 0.3734375 0.071875 0.0703125
1 0.5578125 0.4796875 0.06484375 0.07265625
1 0.375 0.60703125 0.08828125 0.08125
1 0.44921875 0.653125 0.07578125 0.1109375
1 0.1984375 0.33203125 0.0921875 0.07109375
1 0.20703125 0.50859375 0.07578125 0.090625
1 0.34921875 0.9203125 0.075 0.09375
1 0.91484375 0.4390625 0.0515625 0.11171875
1 0.87109375 0.140625 0.09453125 0.1109375
1 0.78203125 0.01953125 0.08046875 0.0390625
1 0.2578125 0.08671875 0.07421875 0.1140625
1 0.384375 0.0640625 0.0484375 0.12734375