1 0.26796875 0.4046875 0.153125 0.2125
1 0.42890625 0.65390625 0.2125 0.2109375
1 0.03359375 0.48203125 0.0671875 0.1453125
1 0.134375 0.2984375 0.153125 0.1546875
1 0.784375 0.43671875 0.1140625 0.1
1 0.8265625 0.70234375 0.2171875 0.234375
1 0.65546875 0.6171875 0.1453125 0.1890625
1 0.05625 0.64140625 0.1125 0.2359375
1 0.134375 0.6796875 0.1296875 0.1359375
1 0.15078125 0.4765625 0.1171875 0.153125
1 0.615625 0.75234375 0.221875 0.15625
1 0.965625 0.8015625 0.034375 0.171875
1 0.9046875 0.4078125 0.190625 0.134375
1 0.4125 0.39453125 0.1046875 0.128125
1 0.525 0.43828125 0.1421875 0.1109375
1 0.528125 0.33828125 0.2296875 0.0984375