1 0.2 0.37890625 0.1921875 0.121875
1 0.2796875 0.47890625 0.12109375 0.07421875
1 0.4125 0.559375 0.1328125 0.0828125
1 0.40390625 0.49375 0.103125 0.1015625
1 0.6625 0.4984375 0.0984375 0.07734375
1 0.8375 0.5390625 0.22265625 0.1265625
1 0.79921875 0.5890625 0.19765625 0.12421875
1 0.8828125 0.4234375 0.146875 0.18828125
1 0.7296875 0.30546875 0.1453125 0.1421875
1 0.53828125 0.36484375 0.15859375 0.1046875
1 0.359375 0.40390625 0.13828125 0.12109375
1 0.09609375 0.65625 0.06796875 0.22890625
1 0.17421875 0.71171875 0.13984375 0.10859375
1 0.30078125 0.6328125 0.140625 0.103125
1 0.4828125 0.6953125 0.15 0.1078125
1 0.83515625 0.69296875 0.1453125 0.13984375
1 0.71796875 0.72265625 0.121875 0.11640625
1 0.5125 0.6265625 0.075 0.07890625
1 0.49765625 0.5078125 0.0734375 0.053125
1 0.63046875 0.4015625 0.18203125 0.134375