1 0.5328125 0.52578125 0.09609375 0.07890625
1 0.68203125 0.56171875 0.14609375 0.08203125
1 0.2421875 0.08359375 0.1609375 0.1015625
1 0.071875 0.10546875 0.1390625 0.084375
1 0.51796875 0.09609375 0.1484375 0.06953125
1 0.396875 0.15859375 0.125 0.10078125
1 0.21953125 0.46171875 0.13203125 0.1234375
1 0.21875 0.54765625 0.209375 0.07890625
1 0.38203125 0.48671875 0.1328125 0.13828125
1 0.48125 0.69921875 0.1171875 0.134375
1 0.8046875 0.77578125 0.184375 0.1859375
1 0.86953125 0.6234375 0.11015625 0.11640625
1 0.7359375 0.3 0.11171875 0.08828125
1 0.7328125 0.1375 0.12734375 0.0765625
1 0.8734375 0.18984375 0.11953125 0.13125