1 0.221875 0.3265625 0.2140625 0.159375
1 0.28203125 0.440625 0.134375 0.0984375
1 0.3984375 0.54609375 0.1484375 0.1078125
1 0.403125 0.48046875 0.121875 0.1203125
1 0.65859375 0.534375 0.1125 0.096875
1 0.825 0.60859375 0.2453125 0.16875
1 0.778125 0.65078125 0.2203125 0.1609375
1 0.8921875 0.50234375 0.1828125 0.215625
1 0.76328125 0.35546875 0.171875 0.16875
1 0.5609375 0.37734375 0.178125 0.134375
1 0.37578125 0.38203125 0.1609375 0.146875
1 0.065625 0.58203125 0.1125 0.240625
1 0.13203125 0.65234375 0.1609375 0.1359375
1 0.2734375 0.5984375 0.159375 0.1296875
1 0.4421875 0.6953125 0.1703125 0.1359375
1 0.79296875 0.76171875 0.171875 0.1671875
1 0.6703125 0.76875 0.14375 0.1390625
1 0.484375 0.63203125 0.0890625 0.09375
1 0.49375 0.51171875 0.0828125 0.065625
1 0.6453125 0.43203125 0.2078125 0.16875