1 0.35703125 0.4921875 0.1390625 0.2421875
1 0.47734375 0.4734375 0.1421875 0.2078125
1 0.59296875 0.1234375 0.13125 0.221875
1 0.69609375 0.1328125 0.134375 0.203125
1 0.1953125 0.30625 0.18125 0.2390625
1 0.0625 0.403125 0.125 0.240625
1 0.0765625 0.15390625 0.153125 0.2703125
1 0.23046875 0.134375 0.1796875 0.25
1 0.06875 0.7484375 0.125 0.2546875
1 0.33828125 0.8453125 0.1484375 0.309375
1 0.571875 0.88984375 0.209375 0.2203125
1 0.75859375 0.5828125 0.2125 0.2671875
1 0.5109375 0.2625 0.1515625 0.2234375
1 0.596875 0.38984375 0.1234375 0.2390625
1 0.8 0.3390625 0.2125 0.259375
1 0.95078125 0.528125 0.0984375 0.325
1 0.8953125 0.83671875 0.209375 0.2953125
1 0.1765625 0.95703125 0.103125 0.0859375
1 0.059375 0.9765625 0.071875 0.046875
1 0.396875 0.13671875 0.1890625 0.271875
1 0.76484375 0.0359375 0.1109375 0.071875
1 0.6484375 0.02734375 0.140625 0.0546875