1 0.4984375 0.490625 0.121875 0.10625
1 0.65390625 0.56171875 0.178125 0.1203125
1 0.5703125 0.03515625 0.171875 0.0703125
1 0.4265625 0.06484375 0.159375 0.1296875
1 0.16796875 0.353125 0.1703125 0.1625
1 0.14921875 0.44765625 0.246875 0.13125
1 0.340625 0.41640625 0.175 0.1796875
1 0.40390625 0.66953125 0.1578125 0.171875
1 0.74296875 0.821875 0.2421875 0.2421875
1 0.84609375 0.66953125 0.1453125 0.1515625
1 0.76796875 0.28671875 0.1421875 0.1203125
1 0.79921875 0.109375 0.15625 0.1109375
1 0.93125 0.196875 0.1375 0.16875