1 0.58828125 0.1328125 0.1921875 0.18125
1 0.4890625 0.17890625 0.0890625 0.1234375
1 0.39609375 0.3765625 0.078125 0.0765625
1 0.57734375 0.49375 0.0703125 0.078125
1 0.3828125 0.6203125 0.0953125 0.0875
1 0.4578125 0.6703125 0.0828125 0.11875
1 0.2078125 0.32734375 0.0984375 0.078125
1 0.21015625 0.5109375 0.0828125 0.096875
1 0.34296875 0.94453125 0.08125 0.103125
1 0.95234375 0.46484375 0.0578125 0.11875
1 0.9171875 0.15234375 0.103125 0.11875
1 0.828125 0.02578125 0.084375 0.0328125
1 0.27890625 0.0734375 0.08125 0.121875
1 0.4109375 0.06015625 0.05625 0.1203125